{
 "cells": [
  {
   "cell_type": "code",
   "execution_count": 2,
   "id": "97688e78-871f-4d8b-a31e-5475050431fc",
   "metadata": {},
   "outputs": [],
   "source": [
    "import numpy as np\n",
    "import matplotlib.pyplot as plt\n",
    "from sklearn.datasets import load_iris\n",
    "from sklearn.decomposition import PCA\n",
    "from sklearn.preprocessing import StandardScaler"
   ]
  },
  {
   "cell_type": "code",
   "execution_count": 3,
   "id": "6db18fb4-5a8b-4400-ae5d-5e76fc5adb95",
   "metadata": {},
   "outputs": [],
   "source": [
    "# Load the Iris dataset\n",
    "data = load_iris()\n",
    "X = data.data  # Features\n",
    "y = data.target  # Labels\n",
    "target_names = data.target_names\n",
    "\n",
    "# Step 1: Standardize the data (important for PCA)\n",
    "scaler = StandardScaler()\n",
    "X_scaled = scaler.fit_transform(X)\n",
    "\n",
    "cov_matrix = np.cov(X_scaled, rowvar=False)  # Covariance matrix"
   ]
  },
  {
   "cell_type": "code",
   "execution_count": 6,
   "id": "d64710a5-f63c-43f8-ab58-a4cd6a96a1ac",
   "metadata": {},
   "outputs": [
    {
     "data": {
      "text/plain": [
       "(150, 4)"
      ]
     },
     "execution_count": 6,
     "metadata": {},
     "output_type": "execute_result"
    }
   ],
   "source": [
    "X_scaled.shape  "
   ]
  },
  {
   "cell_type": "code",
   "execution_count": 5,
   "id": "37341d89-d509-4c25-ab5f-d45582a2715b",
   "metadata": {},
   "outputs": [
    {
     "data": {
      "text/plain": [
       "array([[ 1.00671141, -0.11835884,  0.87760447,  0.82343066],\n",
       "       [-0.11835884,  1.00671141, -0.43131554, -0.36858315],\n",
       "       [ 0.87760447, -0.43131554,  1.00671141,  0.96932762],\n",
       "       [ 0.82343066, -0.36858315,  0.96932762,  1.00671141]])"
      ]
     },
     "execution_count": 5,
     "metadata": {},
     "output_type": "execute_result"
    }
   ],
   "source": [
    "cov_matrix"
   ]
  },
  {
   "cell_type": "code",
   "execution_count": 7,
   "id": "df64e2c4-cdab-4489-af71-4c39b60755cd",
   "metadata": {},
   "outputs": [],
   "source": [
    "U, S, Vt = np.linalg.svd(cov_matrix)  # SVD decomposition\n",
    "eigenvalues = S  # Singular values squared give eigenvalues\n",
    "eigenvectors = Vt.T  # Rows of Vt are eigenvectors"
   ]
  },
  {
   "cell_type": "code",
   "execution_count": 10,
   "id": "3f45a601-6f33-4dd3-a834-0b2dfe9aa565",
   "metadata": {},
   "outputs": [
    {
     "data": {
      "text/plain": [
       "array([[-0.52106591, -0.37741762,  0.71956635,  0.26128628],\n",
       "       [ 0.26934744, -0.92329566, -0.24438178, -0.12350962],\n",
       "       [-0.5804131 , -0.02449161, -0.14212637, -0.80144925],\n",
       "       [-0.56485654, -0.06694199, -0.63427274,  0.52359713]])"
      ]
     },
     "execution_count": 10,
     "metadata": {},
     "output_type": "execute_result"
    }
   ],
   "source": [
    "eigenvectors"
   ]
  },
  {
   "cell_type": "code",
   "execution_count": 11,
   "id": "de1a55a4-8133-47b2-9350-68e747ca4ca1",
   "metadata": {},
   "outputs": [],
   "source": [
    "top_2_eigenvectors = eigenvectors[:, :2]  # Select the top 2 eigenvectors\n",
    "X_pca = np.dot(X_scaled, top_2_eigenvectors)  # Project data  "
   ]
  },
  {
   "cell_type": "code",
   "execution_count": 13,
   "id": "c4c24c21-1730-4ce0-9b2e-6b7736526915",
   "metadata": {},
   "outputs": [
    {
     "data": {
      "text/plain": [
       "(150, 2)"
      ]
     },
     "execution_count": 13,
     "metadata": {},
     "output_type": "execute_result"
    }
   ],
   "source": [
    "X_pca.shape"
   ]
  },
  {
   "cell_type": "code",
   "execution_count": null,
   "id": "7140c331-9526-4cb7-925a-6b783b8cb975",
   "metadata": {},
   "outputs": [],
   "source": []
  }
 ],
 "metadata": {
  "kernelspec": {
   "display_name": "Python 3 (ipykernel)",
   "language": "python",
   "name": "python3"
  },
  "language_info": {
   "codemirror_mode": {
    "name": "ipython",
    "version": 3
   },
   "file_extension": ".py",
   "mimetype": "text/x-python",
   "name": "python",
   "nbconvert_exporter": "python",
   "pygments_lexer": "ipython3",
   "version": "3.9.7"
  }
 },
 "nbformat": 4,
 "nbformat_minor": 5
}
